1109 1123 1033 1087 1061 1100 1040 1044 1036 1104 1031 1007 1047 1014
 1026 1072 1061 1060 1019 1010 1034 1036 1070 1025 1038 1010 1027 1062
  992  995  991 1025 1042 1022 1004  976 1044 1074 1015  983  979 1011
 1010 1009 1020  997  988  999  973  999 1008 1007 1000  969  985  974
 1013  982  993 1028 1023  964  983 1017 1026  977  991  965  961 1014
 1009  996 1008 1017  970  977  983  979 1013  979  980 1001  996  976
  988  986  953  974  994  982  990  972  954  962  951  990  983  966
  958 1064 1014  980  970  986  974  959 1022  959  974  995  988 1042
 1004  983  993 1007  998  970 1020  944  949  958  967 1006  975 1012
  995  972  959  984  986  980  966  997  982  971  942  947  957  970
  949  962  981  996  975  953 1019  997  958  953  968 1036  988 1010
  941  995  971  918  967  956  964  984  986 1016  955  962  991  947
  951  969  987 1009  965  972 1005  960  961  972  955  945  954  937
  974 1024  972  983 1013  931  942  947  988  912  973  954  960  963
  986 1012  942  950  933  962  939  951  958  928  951 1025  973  982
  971  981  952  964  983  953  921  967  962  968  929  957  913  986
  934  933  989  948 1003  922  957  981  954  933  966  988  941  927
  969  943 1007  977  917  972  976  945  928  960  966  987  920  930
  930  950  969  970  974  950  910  941  959  946  995  971  968  901
  923  944  928  970  960  981  959  967  927  930  940  956  997  940
  951  946  967  976  982  949  939  936  991  938 1044  965  959  965
  938 1010  953  956  952  935  919  965  998  979  944  956  968 1002
  965  947  922  943  942  940  944  947 1020  942  943  951  949  979
  934  964  993 1000  960  938  954  941  951  935  962  963  953  925
  973  958  924  992  968  937  955  978  995  963  984  928  954  920
  953  963  967  970  955  897  948  944  991  952  988  935  979  973
  962  962  989  924  941  971  962  928  918  937  957  950  979  975
  945  965  955  956  968  921  937  957  939  971  993  940  976  953
  989  956 1027  962  953  964  982  989  955  948  927  955  992  921
  982  957  901  994  945  947 1004  989 1010  985  937  966  932 1007
  985  944  962  962  944  944  947  998 1006  950 1014  937  954  950
  986  974 1012  987  938  947  963  998  948  954 1016  984 1011  971
 1015 1630 2550 2061 1213 1073  938  938 1041 1101 1113  994  970  952
  984  969  986  994  970  967  953  983 1022 1147 1225 1076  992  970
  988  936 1018 1039  979 1006  971  943  949  980  962  984  924  985
  979 1027 1055  991 1009  972  965  981 1001  964 1006 1088 1185 1777
  998 1035 1150 1388 1193 1062 1005  950  995  976  994  993 1062 1296
 1583 1286 1085  975 1066 1153 1022 1001  984  990  969  959  944  966
 1010 1056 1017 1102 1067 1019 1015  996 1007 1016 1005 1021  995 1053
 1227 1388 1173 1020 1020  996 1003  972  970 1038 1051 1045 1007  979
  986 1053 1161 1216 1084 1027 1005  948 1015  983 1016 1013 1042 1272
 1524 1407 1121 1158 1490 1650 1221 1060 1022 1063  994  985 1011 1006
 1040  998  984  996  987  990  954  998  982  993 1023  971 1015 1055
 1272 1424 1240 1060 1021 1015 1074 1190 1127 1076 1037 1022 1027  992
  979 1013  979 1008 1026  992 1028 1064 1242 1218 1114 1015 1003  995
  998 1011 1037 1049  984  999  956 1012 1012 1002 1037 1082 1242 1487
 1355 1133 1010 1034  984 1013 1025 1155 1295 1219 1113 1016 1037  969
 1048  952 1011 1041  973  998 1022  993 1037 1041 1011  999 1013 1008
  988 1016  988 1052  990  998 1010 1006 1047 1014 1046 1074 1023 1052
 1062 1087 1035 1045 1063 1035 1009 1025 1029 1041 1064 1036 1048 1009
 1081 1219 1270 1214 1084 1024 1025 1015 1059 1075 1070 1048 1089 1036
 1044 1047 1070 1064 1031 1078 1096 1082 1035 1093 1222 1759 2047 1601
 1300 1146 1060 1092 1036 1070 1114 1075 1019 1046 1054 1090 1068 1089
 1055 1002 1042 1078 1049 1024 1058 1082 1094 1092 1062 1095 1087 1063
 1058 1110 1192 1157 1136 1134 1194 1179 1213