1193.7490374356357
1191.7505298651251
1113.788497135302
2046.786337462921
1095.7869674185463
1269.8054926624739
1294.8167215018386
1486.823661318384
1241.82640269072
1189.8197749637354
1423.817538387716
1649.8174805184633
1523.812438944969
1215.8182190378711
1387.8149397991917
1101.810689123275
1152.811903448861
1582.8112927191678
1387.8109463306846
1776.7237291116974
1224.7996909933654
1112.7873202740518
2549.7816846610253
1102.4059962523422
1098.2285303629178
1121.0786686838123